1.09418	68.5501	71.6566	19.9888	17.4932	17.4772	23.1188	17.6448	21.0688	17.7761	20.2188	17.9142	19.4688	18.1224	18.9188	-1	-1
1.14494	73.1319	75.8645	20.0242	17.5209	17.4987	23.25	17.6645	21.25	17.7924	20.35	17.9232	19.65	18.1058	19.1	-1	-1
1.1372	73.6606	75.7518	19.9947	17.4963	17.4766	23.3688	17.6332	21.2688	17.755	20.3188	17.8813	19.6688	18.0643	19.0188	-1	-1
1.14572	74.1472	75.882	20.024	17.5172	17.4946	23.45	17.659	21.35	17.7868	20.35	17.9188	19.7	18.107	19.1	-1	-1
1.18271	76.0558	78.9258	19.9965	17.4893	17.4652	23.5688	17.621	21.2188	17.74	20.3188	17.8595	19.6688	18.0184	19.1188	-1	-1
1.19393	78.3236	81.6672	19.9973	17.4851	17.4582	23.7688	17.6151	21.3188	17.7339	20.4688	17.8521	19.8188	18.0052	19.2188	-1	-1
1.11757	71.8077	73.9071	19.9979	17.497	17.4724	23.1188	17.6346	21.1188	17.7614	20.2188	17.8943	19.6188	18.0926	19.0188	-1	-1
1.13257	72.9887	74.3329	19.9922	17.4947	17.4718	23.3188	17.6377	21.1688	17.7671	20.2688	17.9011	19.5688	18.0924	19.0188	-1	-1
1.15561	74.6178	76.1641	19.9951	17.4898	17.4687	23.4688	17.6273	21.2688	17.7499	20.3188	17.8748	19.6688	18.0464	19.1188	-1	-1
1.15406	75.3652	78.2904	19.995	17.4983	17.4759	24.0188	17.634	21.3188	17.7559	20.3688	17.8805	19.6188	18.0541	19.1188	-1	-1
1.14711	72.0301	75.4593	20.0259	17.5201	17.4988	23.55	17.6593	21.3	17.7835	20.3	17.911	19.65	18.0898	19.1	-1	-1
1.14374	75.1473	77.5152	19.9956	17.4871	17.4715	23.8188	17.6302	21.3688	17.7537	20.3188	17.8805	19.7188	18.0581	19.0688	-1	-1
1.16672	76.8158	78.2577	19.996	17.4983	17.4671	23.6188	17.6268	21.4688	17.7492	20.4188	17.8732	19.7188	18.0419	19.1188	-1	-1
1.01206	65.0961	68.6729	19.9963	17.486	17.4918	22.9188	17.6653	20.9688	17.8076	20.0188	17.9719	19.2688	18.3526	18.5688	-1	-1
1.15154	74.6871	78.5232	19.9926	17.495	17.4719	23.2188	17.634	21.2688	17.7593	20.3688	17.8876	19.6688	18.0654	19.1188	-1	-1
1.13941	74.0579	78.0601	19.9955	17.4881	17.469	23.7188	17.6368	21.3688	17.7667	20.3188	17.9	19.6188	18.0876	19.0188	-1	-1
1.11684	71.8781	73.9022	19.9957	17.4912	17.4716	23.3688	17.6304	21.2188	17.7543	20.2188	17.8845	19.5188	18.0812	18.9688	-1	-1
1.08156	69.613	74.071	19.9971	17.4872	17.4793	23.2188	17.6486	21.1188	17.7821	20.2188	17.9255	19.5188	18.1596	18.8688	-1	-1
1.20935	77.3831	80.8531	20.028	17.5271	17.4879	23.45	17.6467	21.5	17.7673	20.5	17.8861	19.8	18.0361	19.25	18.4072	18.55
1.09039	68.8894	70.6614	19.9939	17.4998	17.4835	23.2188	17.6491	21.0188	17.7799	20.1188	17.9207	19.4688	18.152	18.8688	-1	-1
1.21098	77.6816	79.1118	19.9969	17.4887	17.4598	23.6688	17.6191	21.3188	17.7392	20.4188	17.8575	19.8188	18.0077	19.2188	18.4016	18.6688
1.19974	76.5854	78.804	19.9983	17.5021	17.4716	23.7188	17.632	21.4188	17.7539	20.3688	17.8746	19.7188	18.0297	19.1688	-1	-1
1.20531	79.0768	82.8861	19.9974	17.4958	17.4616	23.8188	17.6183	21.4688	17.7365	20.4688	17.8533	19.7688	18.0023	19.2188	18.4131	18.6188
1.19007	76.6633	78.8287	19.9948	17.4933	17.458	23.7188	17.6184	21.3188	17.741	20.4188	17.8635	19.6688	18.023	19.1688	-1	-1
1.21709	77.1252	77.9587	19.994	17.4971	17.4623	23.3688	17.6261	21.2188	17.7512	20.4188	17.8756	19.7688	18.0359	19.2188	18.5128	18.6688
1.08829	69.5295	72.281	19.9968	17.4931	17.4821	23.1688	17.6524	21.1688	17.7867	20.1688	17.9312	19.5188	18.169	18.8688	-1	-1
1.21027	77.3925	78.4284	19.9998	17.497	17.4602	23.5688	17.6171	21.4188	17.7358	20.3688	17.8528	19.7188	18.0007	19.1688	18.3736	18.6688
1.13733	72.8018	74.813	19.9989	17.5022	17.4829	23.1188	17.6398	21.1688	17.7611	20.2688	17.8864	19.6688	18.0661	19.0188	-1	-1
1.04742	67.3902	70.6349	19.9963	17.4905	17.488	23.2688	17.6584	21.1688	17.7962	20.1188	17.9505	19.4188	18.2493	18.7688	-1	-1
1.11546	72.1543	74.185	19.9983	17.4952	17.4782	23.8188	17.6444	21.2688	17.7748	20.2188	17.9124	19.5688	18.1223	18.9688	-1	-1
1.1363	73.4639	76.4474	19.9977	17.4934	17.4715	23.4688	17.6285	21.2188	17.7506	20.2188	17.8764	19.5688	18.0537	19.0688	-1	-1
1.14753	74.5965	76.9586	19.9998	17.4901	17.4714	23.3688	17.6355	21.3188	17.7626	20.3188	17.8928	19.6688	18.0751	19.1188	-1	-1
1.15497	73.8905	76.6698	19.9985	17.4942	17.4666	23.5688	17.6291	21.2188	17.7542	20.3188	17.8818	19.5688	18.0589	19.0188	-1	-1
1.13056	73.5216	75.3572	19.9988	17.4868	17.4634	23.7188	17.6288	21.2188	17.7568	20.2688	17.8892	19.6188	18.0796	18.9688	-1	-1
1.18283	76.2369	77.521	19.9998	17.5021	17.4733	23.8188	17.6287	21.2688	17.7474	20.3688	17.867	19.7188	18.0276	19.1688	-1	-1
1.30431	86.1929	89.0775	20.0003	17.4964	17.4455	24.4188	17.5972	21.7188	17.7095	20.6688	17.8159	20.0688	17.9394	19.4688	18.1442	18.9688
1.16595	75.6501	77.8604	20.002	17.4972	17.4696	23.6688	17.6305	21.4188	17.7536	20.4188	17.8774	19.7188	18.0426	19.1188	-1	-1
1.19556	77.1277	80.5878	20.0023	17.5098	17.4714	23.6188	17.6342	21.4688	17.7574	20.4188	17.8797	19.7188	18.0375	19.1688	-1	-1
1.1114	72.396	75.1199	19.9969	17.4992	17.487	23.5188	17.6547	21.2188	17.7855	20.3188	17.9218	19.5688	18.1207	19.0188	-1	-1
1.10339	71.6867	73.5854	20.0041	17.5114	17.5018	23.4188	17.6585	21.2188	17.7816	20.2188	17.9124	19.5688	18.1172	18.9688	-1	-1
1.12566	72.614	74.6651	19.9995	17.4934	17.4748	23.3688	17.6386	21.1688	17.766	20.2688	17.8983	19.5688	18.0911	19.0188	-1	-1
1.20793	75.9418	78.9817	20.0036	17.5093	17.4736	23.5688	17.6213	21.3188	17.7332	20.3688	17.8441	19.7188	17.9864	19.1688	18.3952	18.5688
0.881212	58.4831	60.1195	20.0067	17.4921	17.5289	22.7688	17.7103	20.7688	17.8751	19.8188	18.1301	18.9188	-1	-1	-1	-1
1.19883	78.2228	81.0402	20.0036	17.4982	17.4664	23.7188	17.6276	21.4688	17.749	20.4688	17.8684	19.7688	18.0199	19.2188	18.4139	18.4688
1.33956	86.5537	90.652	20.0007	17.4995	17.4437	24.1688	17.5882	21.7688	17.695	20.6688	17.7949	20.0188	17.9077	19.4688	18.0779	19.0188
1.15311	76.0622	78.5553	20.0029	17.4968	17.4681	23.8688	17.6316	21.4188	17.7583	20.3688	17.8881	19.7188	18.0692	19.1188	-1	-1
1.19589	77.5137	80.4297	20.0051	17.5052	17.4672	23.7688	17.6271	21.4688	17.7488	20.4688	17.8699	19.8188	18.0267	19.2688	-1	-1
1.26431	81.1595	84.6206	20.0049	17.4948	17.4516	23.7688	17.6093	21.4688	17.727	20.5688	17.8404	19.8688	17.9765	19.3188	18.2323	18.8188
1.26175	81.1586	83.5578	20.0054	17.4974	17.4568	23.6188	17.6114	21.4688	17.7273	20.5188	17.8392	19.8688	17.9746	19.2688	18.2372	18.7688
1.20952	79.0462	82.4471	20.0052	17.5107	17.4747	23.9188	17.6348	21.4688	17.7567	20.5188	17.8775	19.8188	18.0318	19.2688	18.4485	18.5688
1.0435	68.2564	70.5945	20.0068	17.5179	17.509	23.1688	17.6767	21.1188	17.8128	20.1688	17.967	19.4688	18.283	18.8188	-1	-1
1.13349	74.1766	77.0093	20.0089	17.5052	17.4809	23.5188	17.6448	21.3188	17.7717	20.3188	17.9033	19.6188	18.0954	19.0188	-1	-1
1.12355	71.7437	73.9645	20.0103	17.5003	17.4769	23.2688	17.6341	21.0688	17.7574	20.2188	17.8872	19.5188	18.0839	18.9688	-1	-1
1.0382	67.7782	69.4776	20.0099	17.5006	17.5014	23.2688	17.6706	21.0188	17.8087	20.1688	17.9649	19.4188	18.2778	18.7688	-1	-1
1.11131	72.0177	74.5162	20.0103	17.5049	17.4901	23.4188	17.6566	21.2188	17.7872	20.2688	17.9246	19.5688	18.1317	18.9688	-1	-1
1.16686	75.9795	79.905	20.0108	17.5014	17.4805	23.6188	17.6443	21.4188	17.7694	20.4688	17.8955	19.7188	18.0647	19.1688	-1	-1
1.15765	75.7628	77.2351	20.0141	17.5071	17.4821	23.5188	17.6347	21.3688	17.7529	20.3188	17.8739	19.7188	18.0416	19.1188	-1	-1
1.17996	76.3343	78.9209	20.0124	17.5136	17.4835	23.6688	17.6428	21.3688	17.7641	20.4188	17.885	19.7688	18.0422	19.1188	-1	-1
1.14902	71.9199	74.1284	20.008	17.5097	17.4818	23.2688	17.6463	21.0688	17.7725	20.2188	17.901	19.5688	18.0779	19.0188	-1	-1
1.12961	72.9341	74.4452	20.0114	17.5231	17.5015	23.6688	17.6599	21.3188	17.7831	20.3188	17.9116	19.6188	18.1017	19.0688	-1	-1
1.19648	78.0159	81.3084	20.0125	17.5037	17.4782	23.6688	17.6363	21.4188	17.7553	20.4688	17.8732	19.7688	18.0256	19.1688	-1	-1
1.12949	72.6015	75.4839	20.0095	17.5083	17.4879	23.3688	17.654	21.2688	17.7836	20.3188	17.9181	19.6188	18.1134	19.0188	-1	-1
1.14392	73.7272	76.3562	20.0114	17.5102	17.4851	23.3688	17.6477	21.2688	17.7731	20.3688	17.9019	19.6188	18.0839	19.0688	-1	-1
1.08971	70.413	73.5243	20.0129	17.5092	17.4969	23.5688	17.6583	21.1688	17.7862	20.1688	17.924	19.4688	18.1503	18.9188	-1	-1
1.26404	81.7619	85.6902	20.0119	17.5027	17.4606	23.9188	17.6242	21.5688	17.7451	20.5688	17.8603	19.9188	17.9961	19.3688	18.2346	18.8188
1.14729	75.1566	77.9422	20.0125	17.5168	17.4889	23.5688	17.6515	21.3688	17.7769	20.3688	17.905	19.6688	18.0824	19.0688	-1	-1
1.1788	75.3449	76.9876	20.0144	17.5172	17.4857	23.8188	17.6442	21.3688	17.7654	20.3688	17.8873	19.6688	18.0503	19.1188	-1	-1
1.22987	79.5625	81.8277	20.0132	17.5202	17.478	23.5188	17.6354	21.5188	17.755	20.5188	17.8729	19.8188	18.0214	19.2688	18.3801	18.7188
1.15414	74.9174	77.1024	20.0162	17.5146	17.4838	23.5688	17.644	21.2688	17.7667	20.3688	17.8918	19.7188	18.0654	19.1188	-1	-1
1.2374	79.1937	81.4993	20.0134	17.5031	17.4681	23.7188	17.6273	21.4188	17.7471	20.4688	17.8634	19.8188	18.006	19.2688	18.3003	18.7688
1.15073	75.5218	79.8773	20.0135	17.515	17.4878	23.5688	17.6481	21.3688	17.771	20.4688	17.8963	19.7188	18.0698	19.1188	-1	-1
0.762532	49.2914	50.0692	19.9994	17.5054	17.5598	22.1	17.7595	20.3	17.9627	19.3	-1	-1	-1	-1	-1	-1
1.25881	80.5839	83.3217	20.0175	17.5107	17.4656	23.7688	17.621	21.5688	17.7369	20.5688	17.8485	19.8688	17.9821	19.2688	18.2307	18.8188
1.20297	78.3648	82.0026	20.0157	17.5138	17.4822	23.7188	17.6425	21.4688	17.7649	20.5188	17.8862	19.8188	18.0411	19.2188	18.4601	18.5188
1.21764	78.1728	81.4594	20.0158	17.5149	17.4785	23.5188	17.635	21.4688	17.7524	20.5188	17.8676	19.8188	18.0123	19.2188	18.3648	18.6688
1.12949	74.7881	78.3635	20.0153	17.5091	17.4883	23.7188	17.6504	21.4188	17.7767	20.3688	17.9078	19.6188	18.0982	19.0688	-1	-1
1.12386	73.7199	76.106	20.0154	17.5168	17.4962	23.5688	17.6586	21.2188	17.7855	20.4188	17.9183	19.6688	18.1156	19.1188	-1	-1
1.2037	76.1836	80.4802	20.0142	17.5109	17.4782	23.6188	17.6384	21.3688	17.7593	20.4188	17.8786	19.8188	18.031	19.2188	18.4527	18.5188
1.10903	71.6305	72.9749	20.0138	17.5152	17.4973	23.7188	17.6608	21.2188	17.7892	20.2688	17.9242	19.5688	18.1279	18.9688	-1	-1
1.07496	68.8504	72.3485	20.0002	17.4956	17.4803	22.9	17.6477	21.15	17.7815	20.15	17.9274	19.45	18.1782	18.8	-1	-1
1.19738	76.5072	79.4744	19.9987	17.4922	17.4606	23.5	17.615	21.25	17.7321	20.4	17.8479	19.7	17.9959	19.15	-1	-1
1.10824	71.8234	74.2007	20.0169	17.5161	17.4999	23.4188	17.6584	21.1688	17.7831	20.3188	17.9153	19.6188	18.1199	18.9688	-1	-1
1.2223	80.6228	83.1265	19.9983	17.4999	17.4653	23.65	17.6244	21.5	17.7449	20.55	17.8636	19.85	18.0137	19.3	18.3927	18.75
1.27557	82.5385	85.4132	20.0136	17.515	17.4636	23.8688	17.6255	21.6188	17.7459	20.5688	17.8611	19.9188	17.9972	19.4188	18.2376	18.8688
1.14924	75.0768	77.3843	20.0191	17.5199	17.4939	23.5188	17.6527	21.3188	17.7756	20.4188	17.9017	19.6688	18.0786	19.1188	-1	-1
1.29741	84.0315	87.2118	20.0196	17.5198	17.4714	24.2188	17.6214	21.6188	17.7324	20.6188	17.8378	19.9688	17.9608	19.4188	18.169	18.9188
1.1261	72.5261	75.9936	20.014	17.5243	17.4923	23.3688	17.6563	21.3188	17.7832	20.2688	17.9148	19.6188	18.1059	19.0188	-1	-1
1.14931	73.6326	76.0145	20.0198	17.5087	17.4905	23.3188	17.6511	21.2688	17.7753	20.3688	17.9028	19.6688	18.082	19.0688	-1	-1
1.19924	77.7388	81.3865	20.0211	17.5195	17.4872	23.7188	17.6453	21.4688	17.7663	20.4688	17.8872	19.8188	18.0445	19.2188	-1	-1
1.19618	77.906	81.0055	20.0192	17.523	17.49	23.6688	17.6467	21.4688	17.7667	20.4688	17.8865	19.8188	18.042	19.1688	-1	-1
1.07628	69.5766	73.0123	20.0164	17.5203	17.5125	23.3188	17.6771	21.1188	17.8079	20.2688	17.9491	19.4688	18.1822	18.9688	-1	-1
1.14684	73.8726	75.3018	20.0208	17.5206	17.4986	23.3688	17.6584	21.2688	17.7823	20.3188	17.9094	19.6688	18.0879	19.0688	-1	-1
1.15391	74.1083	77.3095	20.0233	17.5195	17.4956	23.5188	17.6523	21.2688	17.7738	20.4188	17.8985	19.7188	18.0725	19.0688	-1	-1
1.32243	86.1918	90.2395	20.0224	17.5215	17.4689	23.9688	17.6236	21.7688	17.7387	20.7188	17.847	20.0188	17.97	19.4688	18.1583	19.0188
1.14969	74.3089	75.641	20.0179	17.5266	17.5042	23.6188	17.6628	21.3688	17.7856	20.3688	17.9116	19.6688	18.0889	19.1188	-1	-1
1.21338	78.6458	82.3547	20.0187	17.5187	17.4835	23.6688	17.6404	21.5188	17.7588	20.4688	17.8758	19.8188	18.025	19.2188	18.4315	18.6688
1.10943	71.6196	75.3567	20.0219	17.5108	17.4981	23.5188	17.6626	21.2188	17.7906	20.2688	17.9246	19.5688	18.1247	18.9688	-1	-1
1.25764	83.2473	86.1008	20.0226	17.5174	17.4772	23.7688	17.6335	21.6188	17.7498	20.6188	17.8615	19.9688	17.9954	19.4188	18.246	18.9188
1.0786	69.7947	71.6858	20.0007	17.5059	17.4894	23.4	17.6506	21.05	17.7798	20.2	17.9205	19.5	18.1584	18.9	-1	-1
1.07846	70.7974	71.7658	20.0226	17.5253	17.5094	23.7688	17.6743	21.2188	17.8058	20.2688	17.9492	19.5188	18.1942	18.9688	-1	-1
1.18466	76.739	78.7108	20.024	17.5152	17.4892	23.5688	17.6451	21.3688	17.7641	20.4188	17.8832	19.7688	18.0397	19.1688	-1	-1
1.15179	74.0517	76.4157	20.0245	17.5177	17.4928	23.4688	17.6514	21.2188	17.7735	20.3188	17.8985	19.7188	18.0732	19.1188	-1	-1
1.09579	71.0614	73.1758	20.0014	17.501	17.4872	23.4	17.655	21.25	17.7866	20.2	17.9258	19.6	18.1412	18.95	-1	-1
1.23241	79.5161	80.8257	20.0078	17.5042	17.4647	23.7	17.6226	21.4	17.7415	20.5	17.8578	19.8	18.0023	19.3	18.3266	18.7
1.15735	74.2944	76.7369	20.0075	17.5155	17.4842	23.8	17.6447	21.3	17.7679	20.3	17.8929	19.65	18.0638	19.05	-1	-1
1.06117	66.4325	68.9235	20.0273	17.5243	17.5113	23.1188	17.6799	20.9688	17.815	20.0688	17.9642	19.3188	18.2344	18.8188	-1	-1
1.20573	77.8872	80.5814	20.0062	17.4986	17.4678	23.7	17.625	21.35	17.7443	20.5	17.8625	19.8	18.0134	19.25	18.4278	18.55
1.14771	74.3443	75.3745	20.0112	17.504	17.4748	23.65	17.6382	21.25	17.7645	20.3	17.8947	19.65	18.08	19.1	-1	-1
1.29214	82.7085	84.9036	20.0085	17.5115	17.4594	23.8	17.6135	21.45	17.7271	20.6	17.8348	19.9	17.9601	19.35	18.1694	18.9
1.19658	79.2823	83.9179	20.0068	17.5009	17.4775	23.75	17.6321	21.55	17.7496	20.5	17.8667	19.85	18.0191	19.2	-1	-1
1.25203	79.879	82.611	20.0084	17.5049	17.4615	23.7	17.6159	21.35	17.7317	20.5	17.8434	19.85	17.9779	19.3	18.2338	18.75
1.25561	81.9385	86.0824	20.01	17.5089	17.4678	24.2	17.6189	21.55	17.7328	20.6	17.8435	19.9	17.9784	19.3	18.2499	18.8
1.14311	75.0595	78.5866	20.0118	17.5014	17.4888	23.35	17.6451	21.4	17.7663	20.4	17.891	19.7	18.0673	19.15	-1	-1
1.14561	73.2466	74.2671	20.0091	17.5053	17.4833	23.55	17.6412	21.2	17.7634	20.3	17.8888	19.6	18.0649	19.05	-1	-1
1.06821	70.3317	74.1236	20.0098	17.5052	17.4972	23.3	17.6676	21.25	17.8039	20.25	17.953	19.55	18.2107	18.9	-1	-1
1.15052	75.9512	77.9758	20.0131	17.5172	17.4893	23.7	17.6514	21.45	17.7766	20.4	17.9055	19.7	18.0877	19.1	-1	-1
1.21771	79.3448	81.2289	20.0112	17.509	17.472	23.65	17.628	21.45	17.7464	20.45	17.8627	19.8	18.0087	19.25	18.3528	18.7
1.09535	70.2221	71.4322	20.0118	17.5224	17.5044	23.45	17.6656	21.2	17.7922	20.2	17.9281	19.5	18.1504	18.95	-1	-1
1.20029	76.8748	80.6913	20.0127	17.5051	17.4707	23.75	17.6306	21.35	17.7522	20.4	17.8731	19.75	18.0296	19.15	-1	-1
1.18369	76.7364	80.4311	20.0141	17.4999	17.4754	23.6	17.6332	21.45	17.7532	20.4	17.8733	19.7	18.0312	19.15	-1	-1
1.13805	72.0487	73.7761	20.0135	17.5176	17.5	23.45	17.6606	21.2	17.7851	20.3	17.9143	19.65	18.1021	19.05	-1	-1
1.11054	71.4001	72.3985	20.0155	17.5158	17.501	23.2	17.6625	21.2	17.7899	20.25	17.9243	19.6	18.1273	18.95	-1	-1
1.14946	73.4464	76.8948	20.0127	17.5137	17.4916	23.25	17.6519	21.3	17.776	20.35	17.9032	19.65	18.0813	19.05	-1	-1
1.06415	69.3091	72.928	20.0121	17.5144	17.513	23.3	17.6741	21.15	17.8037	20.25	17.9468	19.5	18.204	18.95	-1	-1
1.07359	68.4101	71.3759	20.017	17.504	17.4992	23.2	17.6688	21.1	17.8046	20.2	17.9538	19.4	18.2175	18.75	-1	-1
1.1453	73.977	75.6966	20.0154	17.5138	17.4882	23.55	17.6541	21.25	17.7832	20.3	17.916	19.65	18.1027	19.1	-1	-1
0.80198	51.7975	53.6915	20.0137	17.5207	17.5754	22.25	17.7667	20.45	17.953	19.55	18.4154	18.5	-1	-1	-1	-1
1.17095	74.0451	75.7595	20.0142	17.507	17.4853	23.5	17.6433	21.35	17.7642	20.35	17.8861	19.7	18.0495	19.15	-1	-1
1.14856	74.7503	78.423	20.0141	17.511	17.4867	23.75	17.6519	21.35	17.7797	20.35	17.9098	19.65	18.0874	19.1	-1	-1
1.14861	75.265	79.6303	20.0166	17.5137	17.4908	23.75	17.6513	21.25	17.7741	20.4	17.8995	19.7	18.0742	19.15	-1	-1
1.21218	78.2786	82.3363	19.9878	17.4857	17.4529	23.5188	17.6139	21.3688	17.7349	20.3688	17.854	19.7688	18.0049	19.1688	18.3969	18.6188
1.15277	75.232	76.7343	20.0148	17.5032	17.4882	23.65	17.6441	21.3	17.7642	20.25	17.8867	19.65	18.0555	19.05	-1	-1
1.13417	72.7387	73.9283	20.0179	17.5129	17.4919	23.4	17.6519	21.15	17.776	20.3	17.9045	19.65	18.0899	19.05	-1	-1
1.10141	71.0311	72.9964	20.0178	17.5093	17.4906	23.45	17.6527	21.15	17.7797	20.2	17.9147	19.55	18.1272	19	-1	-1
1.14596	71.5962	73.561	20.0171	17.5251	17.4998	23.35	17.6519	21.05	17.77	20.25	17.8924	19.6	18.0698	19.05	-1	-1
1.09403	68.7448	74.4699	20.0187	17.5079	17.5036	23.25	17.6644	21.1	17.7922	20.25	17.9295	19.5	18.151	18.95	-1	-1
1.06833	70.2494	72.284	20.0188	17.5091	17.5018	23.7	17.6718	21.2	17.8076	20.2	17.9563	19.5	18.2148	18.85	-1	-1
1.16626	76.1149	76.5953	20.0171	17.5222	17.4893	23.8	17.6442	21.3	17.7636	20.35	17.8854	19.75	18.0538	19.15	-1	-1
1.13605	73.3979	74.8455	20.0179	17.5147	17.4867	23.4	17.6531	21.3	17.7823	20.35	17.9156	19.65	18.1055	19.1	-1	-1
1.16895	74.7465	76.7676	19.9852	17.4633	17.4403	23.6188	17.604	21.2188	17.7297	20.2688	17.8562	19.5688	18.0239	19.0688	-1	-1
1.17439	75.8366	78.5742	20.0135	17.5205	17.4887	23.65	17.6541	21.45	17.7816	20.4	17.9102	19.75	18.082	19.15	-1	-1
1.20451	75.919	77.8438	20.0158	17.508	17.4785	23.35	17.6295	21.35	17.7442	20.3	17.8584	19.7	18.0068	19.15	-1	-1
1.167	74.9011	80.8736	20.0158	17.5188	17.493	23.85	17.6541	21.4	17.778	20.5	17.903	19.75	18.0695	19.15	-1	-1
1.131	72.7779	74.3096	20.0194	17.5181	17.4983	23.5	17.6594	21.2	17.7857	20.25	17.9181	19.6	18.1155	19	-1	-1
1.07954	70.6872	72.6286	20.0178	17.5103	17.4963	23.4	17.6624	21.15	17.7946	20.25	17.9387	19.5	18.1868	18.95	-1	-1
1.09389	72.1733	75.8514	20.0184	17.5148	17.4974	23.5	17.6617	21.25	17.7917	20.35	17.9303	19.6	18.1494	19.05	-1	-1
1.14688	74.9566	78.7309	20.016	17.511	17.4849	23.2	17.6435	21.35	17.7658	20.4	17.8916	19.7	18.0704	19.15	-1	-1
1.11904	73.8442	76.2528	20.0158	17.5067	17.492	23.65	17.6528	21.3	17.7775	20.4	17.9082	19.65	18.1043	19.05	-1	-1
1.14685	73.3301	74.6175	19.9891	17.4762	17.4529	23.6688	17.615	21.1688	17.7408	20.2688	17.8703	19.5688	18.0541	18.9688	-1	-1
1.11057	71.7769	74.1069	20.0186	17.4969	17.4852	23.35	17.6495	21.2	17.7788	20.35	17.9157	19.6	18.126	19	-1	-1
1.28381	81.3306	84.4878	20.013	17.5182	17.4706	23.75	17.6234	21.5	17.7371	20.6	17.8458	19.85	17.9739	19.35	18.1982	18.85
1.25716	80.8214	83.7329	20.0145	17.5138	17.4696	23.9	17.6278	21.45	17.7462	20.5	17.8601	19.9	17.9968	19.35	18.2532	18.75
1.22784	78.9721	81.6609	20.016	17.5111	17.478	23.95	17.6374	21.4	17.7577	20.5	17.8753	19.85	18.0214	19.3	18.349	18.65
1.135	73.2291	75.9371	20.0154	17.5208	17.5016	23.6	17.6603	21.2	17.7824	20.35	17.9083	19.6	18.0897	19.1	-1	-1
1.11177	71.8099	73.3669	20.0122	17.5117	17.4937	23.45	17.6519	21.25	17.7757	20.25	17.906	19.55	18.1037	19.05	-1	-1
1.09263	67.8184	69.8967	20.0125	17.5089	17.5023	23.3	17.6616	21.1	17.7876	20.1	17.922	19.45	18.1344	18.9	-1	-1
1.05369	67.7486	72.7115	20.0178	17.5146	17.5123	23.45	17.6744	21.2	17.8048	20.2	17.9501	19.4	18.2238	18.85	-1	-1
1.188	76.0244	79.1171	20.0158	17.5203	17.4864	23.5	17.6414	21.4	17.7593	20.4	17.877	19.7	18.0308	19.2	-1	-1
1.14411	74.2877	76.7131	19.9828	17.4842	17.4593	23.3188	17.6214	21.3188	17.7464	20.3188	17.8746	19.6188	18.0551	19.0688	-1	-1
1.11098	72.2994	76.2255	20.0142	17.5111	17.5009	23.6	17.6676	21.25	17.8	20.3	17.9409	19.65	18.16	19	-1	-1
1.0567	67.6869	69.8528	20.0134	17.5017	17.4992	23	17.669	21.1	17.8064	20.1	17.9599	19.4	18.25	18.8	-1	-1
1.13715	73.3164	74.5324	20.0103	17.5267	17.4982	23.35	17.6588	21.25	17.7833	20.35	17.9122	19.65	18.0985	19	-1	-1
1.0825	68.8027	70.7285	20.0085	17.5098	17.494	23.2	17.6608	21.1	17.7937	20.15	17.9386	19.45	18.1874	18.9	-1	-1
1.09427	69.9084	72.6011	20.0148	17.5077	17.5016	23.4	17.667	21.15	17.797	20.2	17.9349	19.6	18.1496	18.9	-1	-1
1.14354	72.746	73.7305	19.9809	17.4818	17.4548	23.4188	17.6135	21.1688	17.7355	20.2188	17.8606	19.6188	18.0363	19.0188	-1	-1
1.24324	81.8682	84.3855	20.0139	17.5017	17.4645	24.15	17.6278	21.6	17.7506	20.55	17.8701	19.95	18.0171	19.35	18.3258	18.85
1.17623	75.3666	77.0734	20.0124	17.5105	17.4796	23.7	17.6421	21.3	17.7663	20.4	17.8917	19.7	18.0603	19.1	-1	-1
1.0146	65.1518	69.1997	20.0145	17.5177	17.5176	22.85	17.6885	21.1	17.8276	20.05	17.9884	19.4	18.3705	18.65	-1	-1
1.10291	69.366	74.127	20.0143	17.5075	17.4901	23.55	17.6546	21.15	17.7838	20.25	17.9196	19.5	18.1247	18.95	-1	-1
1.16138	75.4298	78.2907	20.0133	17.5052	17.4804	23.65	17.6414	21.4	17.7661	20.35	17.8935	19.65	18.0695	19.1	-1	-1
1.22575	79.8244	82.8238	20.0102	17.5069	17.4673	23.9	17.6221	21.45	17.7389	20.55	17.8529	19.85	17.9941	19.3	18.3023	18.7
1.10406	71.6407	74.2943	20.0121	17.506	17.4871	23.3	17.6561	21.2	17.7888	20.2	17.9292	19.5	18.1466	18.95	-1	-1
1.14773	74.2394	76.9078	20.0128	17.5088	17.4881	23.65	17.6552	21.35	17.7837	20.35	17.9145	19.7	18.0947	19.1	-1	-1
1.20629	76.2591	78.1779	20.0125	17.5022	17.4748	23.5	17.6312	21.35	17.7502	20.4	17.8684	19.7	18.0204	19.15	18.4645	18.6
1.14324	74.4904	77.642	20.009	17.5121	17.4836	23.6	17.6496	21.4	17.7774	20.4	17.9074	19.7	18.0855	19.1	-1	-1
1.2082	77.7189	79.2364	20.0137	17.5189	17.4851	23.55	17.6336	21.4	17.7462	20.4	17.8579	19.75	18.0023	19.25	18.4547	18.65
1.20045	74.8411	77.5325	20.0117	17.4933	17.4637	23.4	17.6233	21.25	17.7446	20.35	17.8652	19.7	18.0215	19.15	-1	-1
1.15518	73.4016	75.2124	20.0094	17.5027	17.4837	23.55	17.6455	21.2	17.7703	20.3	17.8983	19.65	18.0779	19.1	-1	-1
1.17962	76.7693	79.5583	20.0085	17.5058	17.4761	23.65	17.6394	21.4	17.7652	20.4	17.8922	19.75	18.0616	19.15	-1	-1
1.14722	75.1128	77.2349	20.0123	17.4903	17.4691	23.6	17.6346	21.25	17.7624	20.35	17.8935	19.7	18.0774	19.1	-1	-1
1.17011	75.0439	76.9765	20.0122	17.5065	17.4847	23.7	17.6442	21.3	17.7672	20.35	17.892	19.6	18.0609	19.15	-1	-1
0.986229	64.1474	65.1046	20.0109	17.5092	17.5144	23.1	17.6871	20.9	17.831	20	18.006	19.3	-1	-1	-1	-1
1.20834	79.1116	80.3205	20.0116	17.516	17.4776	24.05	17.6352	21.45	17.7548	20.45	17.8733	19.75	18.025	19.25	18.4484	18.65
1.24096	80.6735	84.2596	20.0123	17.5047	17.4657	23.85	17.6237	21.45	17.7426	20.55	17.8579	19.9	17.9979	19.35	18.2743	18.75
1.17929	77.7094	80.9435	20.0119	17.4982	17.469	23.7	17.6319	21.45	17.7563	20.45	17.8809	19.8	18.0446	19.25	-1	-1
1.06915	70.1444	73.1019	20.0099	17.5007	17.4898	23.3	17.6567	21.15	17.7894	20.25	17.933	19.5	18.1732	18.9	-1	-1
1.28411	84.509	88.9746	20.0087	17.4958	17.4559	24.25	17.6117	21.7	17.728	20.65	17.8389	19.95	17.9689	19.4	18.1904	18.9
1.15388	74.0498	76.1691	20.01	17.503	17.4855	23.5	17.6454	21.25	17.7688	20.35	17.895	19.65	18.0697	19.1	-1	-1
1.14688	74.062	75.7411	20.0083	17.4957	17.4796	23.45	17.6416	21.35	17.7664	20.3	17.8938	19.65	18.0702	19.05	-1	-1
1.10371	70.2018	71.9594	20.0106	17.4996	17.483	23.45	17.6461	21.1	17.773	20.15	17.9075	19.5	18.1196	19	-1	-1
1.1305	71.9194	74.1733	20.0098	17.5134	17.4924	23.3	17.6526	21.3	17.777	20.25	17.9063	19.6	18.095	19.05	-1	-1
1.17112	76.7936	77.6543	20.0065	17.5083	17.4721	23.75	17.6372	21.3	17.7649	20.4	17.8945	19.8	18.0704	19.15	-1	-1
1.23486	78.2706	81.5006	20.0085	17.5112	17.4726	23.65	17.6278	21.45	17.7451	20.45	17.8599	19.8	18.0023	19.25	18.3176	18.75
1.15992	74.918	78.794	20.0092	17.5093	17.4835	23.65	17.6421	21.25	17.7641	20.4	17.8886	19.65	18.0604	19.1	-1	-1
1.04997	67.6488	68.558	20.0058	17.5063	17.4945	22.9	17.665	21	17.8019	20.1	17.9547	19.45	18.2485	18.9	-1	-1
1.13955	71.719	74.2227	20.0073	17.5009	17.4758	23.35	17.6384	21.15	17.765	20.25	17.8968	19.55	18.0895	19.05	-1	-1
1.08336	69.9898	71.9211	20.0077	17.5045	17.4968	23.25	17.6623	21.15	17.7941	20.2	17.9363	19.55	18.1706	19	-1	-1
1.13134	74.0453	76.5079	20.0262	17.5246	17.5023	23.6188	17.6656	21.3688	17.7926	20.3188	17.9242	19.6688	18.1136	19.1188	-1	-1
1.12032	72.2128	74.5089	20.0187	17.5159	17.5023	23.5188	17.6688	21.2688	17.7978	20.2688	17.9326	19.5688	18.1331	19.0188	-1	-1
1.14343	75.7385	77.8918	20.022	17.508	17.486	23.6688	17.6482	21.4688	17.774	20.4188	17.9038	19.7188	18.0894	19.1188	-1	-1
1.12394	71.9946	74.2625	20.023	17.5343	17.5051	23.4188	17.6649	21.1688	17.7905	20.2688	17.9212	19.6188	18.1111	19.0188	-1	-1
1.16484	75.2648	77.8669	20.0243	17.5177	17.4897	23.5188	17.6518	21.2688	17.776	20.3688	17.9017	19.7188	18.0722	19.1188	-1	-1
1.23967	79.4578	83.2188	20.025	17.5164	17.4784	23.8188	17.6363	21.4688	17.7555	20.5188	17.8715	19.8188	18.0138	19.2688	18.3077	18.7188
1.10343	72.5422	73.9266	20.0205	17.5032	17.5008	23.5688	17.6648	21.2688	17.7948	20.3188	17.9328	19.6188	18.147	18.9688	-1	-1
1.24372	80.5949	82.8788	20.0033	17.4968	17.4568	23.45	17.6107	21.4	17.7261	20.5	17.8385	19.85	17.9769	19.3	18.2727	18.75
1.10099	70.8664	73.8759	20.0222	17.5215	17.5022	23.4188	17.6704	21.1188	17.8015	20.2688	17.9404	19.5688	18.1584	19.0188	-1	-1
1.05389	67.8617	69.8973	20.0165	17.5118	17.5112	23.1688	17.6774	21.0188	17.8107	20.1188	17.959	19.4188	18.238	18.8688	-1	-1
1.05918	67.5	68.3759	20.002	17.4983	17.4905	22.9	17.6577	20.95	17.7925	20.1	17.9419	19.45	18.2154	18.75	-1	-1
1.19426	77.9237	81.5351	19.9981	17.4922	17.4616	23.65	17.6231	21.55	17.746	20.4	17.8686	19.75	18.0281	19.15	-1	-1
1.06007	69.1507	71.7515	20.0158	17.5139	17.507	23.6188	17.6717	21.2188	17.8039	20.1688	17.9497	19.4688	18.2118	18.8188	-1	-1
1.47297	94.9623	98.2282	20.0184	17.5181	17.4432	24.5688	17.59	21.9188	17.6952	20.8688	17.7896	20.2688	17.8886	19.7188	18.0133	19.2688
1.20356	77.4792	80.4658	20.019	17.5139	17.4801	23.6188	17.6431	21.4188	17.7656	20.4688	17.8861	19.8188	18.0385	19.2688	18.4277	18.5688
1.27257	81.3078	84.1673	20.0163	17.5228	17.4742	23.8688	17.6292	21.5688	17.7447	20.5688	17.8555	19.9188	17.9873	19.3688	18.2264	18.8188
1.27497	82.7192	85.933	20.0143	17.5157	17.468	24.2188	17.6261	21.6188	17.7433	20.6188	17.8552	19.9188	17.9877	19.4188	18.2243	18.8188
1.17795	75.9913	78.3786	20.013	17.5091	17.4804	23.4688	17.6418	21.3188	17.765	20.3688	17.8885	19.7188	18.0519	19.1188	-1	-1
1.10972	72.8074	74.1844	20.0176	17.5225	17.5041	23.6188	17.6608	21.3188	17.7852	20.2688	17.9178	19.5688	18.1252	19.0188	-1	-1
1.16577	75.3445	79.5658	20.0134	17.5185	17.4904	23.4188	17.647	21.4188	17.7675	20.3688	17.8895	19.6688	18.0541	19.1688	-1	-1
1.19737	77.5135	80.4922	20.0133	17.5119	17.4746	23.8188	17.6312	21.4688	17.7502	20.4688	17.8685	19.7688	18.0213	19.1688	-1	-1
1.18663	76.2996	78.0107	20.0123	17.508	17.4775	23.5688	17.6371	21.4188	17.7597	20.3688	17.883	19.6688	18.0467	19.1188	-1	-1
1.23579	79.2862	82.7589	20.0104	17.5062	17.472	23.8688	17.6325	21.4688	17.753	20.5188	17.8697	19.8688	18.0113	19.2688	18.2903	18.7188
1.19543	78.2308	81.9376	20.0122	17.5101	17.4777	23.4188	17.6348	21.4188	17.7544	20.5188	17.8731	19.7688	18.0253	19.2188	18.4567	18.5188
1.10217	72.0353	73.5517	20.0127	17.4916	17.4845	23.4688	17.6522	21.2688	17.7839	20.2688	17.9232	19.5688	18.1383	18.9688	-1	-1
1.17572	75.866	79.6067	20.0069	17.5037	17.4784	23.4188	17.643	21.3688	17.7683	20.4188	17.8938	19.7188	18.0589	19.1188	-1	-1
1.13188	72.9778	75.074	20.0097	17.5137	17.4888	23.6688	17.6544	21.3688	17.7827	20.2688	17.915	19.6188	18.103	19.0188	-1	-1
1.16416	75.4804	77.5828	20.0095	17.5021	17.4744	23.6688	17.6336	21.3688	17.7569	20.3188	17.8821	19.6688	18.051	19.1688	-1	-1
1.03639	66.7157	68.376	20.0136	17.5179	17.5117	23.1188	17.6802	21.0688	17.8166	20.0188	17.9709	19.4188	18.2874	18.7688	-1	-1
1.20848	76.5401	78.7857	20.0124	17.4992	17.4699	23.6688	17.6279	21.3688	17.7471	20.4188	17.8646	19.7188	18.0139	19.1688	18.4076	18.5188
1.2265	78.8216	82.9795	20.0078	17.4991	17.4644	23.8188	17.6214	21.4188	17.7399	20.5188	17.8557	19.8188	17.9992	19.2188	18.314	18.7188
1.1521	74.2303	75.9301	20.0152	17.5123	17.4856	23.3688	17.6505	21.3188	17.7771	20.3188	17.9061	19.7188	18.0845	19.0688	-1	-1
1.17363	76.7029	80.0359	20.0127	17.5046	17.4764	23.6688	17.6366	21.4688	17.7588	20.4688	17.8808	19.7688	18.0409	19.2188	-1	-1
1.13895	72.963	74.8751	20.0096	17.5228	17.4983	23.5688	17.6629	21.2688	17.7919	20.3188	17.9254	19.6688	18.1144	19.0688	-1	-1
1.20087	77.9004	80.3274	20.0073	17.4921	17.4644	23.7188	17.6273	21.4688	17.7505	20.4188	17.8719	19.7688	18.0256	19.2188	18.418	18.4688
1.12753	74.1103	76.0439	20.011	17.5006	17.4858	23.4688	17.6452	21.3188	17.7698	20.2688	17.8994	19.6688	18.0877	19.0688	-1	-1
1.13314	71.899	74.058	20.0087	17.5155	17.4863	23.3688	17.6486	21.1688	17.7735	20.2688	17.9017	19.6188	18.0833	19.0188	-1	-1
1.17788	76.2671	77.8317	20.0094	17.4997	17.4758	23.7188	17.6347	21.5188	17.7559	20.4188	17.8774	19.7688	18.0382	19.2188	-1	-1
1.13559	71.5352	74.3636	20.008	17.51	17.4839	23.0188	17.6458	21.1188	17.7724	20.2688	17.9044	19.5688	18.0991	19.0688	-1	-1
0.991685	65.687	67.8329	20.0129	17.5062	17.5218	22.8688	17.6873	21.0188	17.8255	20.0688	17.9931	19.3188	-1	-1	-1	-1
1.19772	76.6948	78.3438	20.0106	17.509	17.4775	23.6688	17.6372	21.3688	17.758	20.3188	17.8781	19.7188	18.0336	19.1688	-1	-1
1.09758	71.9678	75.1607	20.0109	17.5176	17.4967	23.3688	17.6627	21.2688	17.7939	20.2688	17.9343	19.6188	18.1582	19.0188	-1	-1
1.1807	75.3609	78.8893	20.0106	17.4979	17.4635	23.6188	17.6258	21.3188	17.7502	20.3188	17.8747	19.6688	18.0381	19.1188	-1	-1
1.21139	78.4469	82.3826	20.0099	17.4927	17.4669	23.6688	17.6268	21.4188	17.7487	20.5688	17.8688	19.8688	18.0195	19.2188	18.3755	18.5688
1.02893	67.9496	69.7358	20.0109	17.5085	17.5068	23.1688	17.6674	21.0188	17.7988	20.2188	17.9504	19.4188	18.3013	18.8188	-1	-1
1.13452	74.2136	78.7627	20.0074	17.5	17.4812	23.8688	17.6469	21.3188	17.7758	20.4188	17.9086	19.5688	18.0966	19.0188	-1	-1
1.14648	74.4065	78.6367	20.0086	17.5003	17.4779	23.6188	17.6426	21.3188	17.7683	20.4188	17.8961	19.6688	18.0723	19.1188	-1	-1
1.09057	69.886	72.8803	20.0056	17.5082	17.4989	23.5188	17.6711	21.2188	17.8075	20.2188	17.9542	19.5188	18.1932	18.8688	-1	-1
1.16863	75.2458	77.1012	20.0064	17.5096	17.4831	23.5688	17.6368	21.2188	17.7556	20.3688	17.8764	19.6688	18.0404	19.1688	-1	-1
1.24637	80.7687	84.0795	20.0074	17.5049	17.4641	24.0188	17.6231	21.5188	17.7428	20.5688	17.8591	19.8688	18.0016	19.3188	18.2952	18.7688
1.12963	72.8822	74.869	20.0082	17.5116	17.4887	23.3188	17.6502	21.1688	17.7761	20.2688	17.9075	19.6188	18.101	19.0188	-1	-1
1.21189	79.1055	84.5099	20.0088	17.4878	17.4587	23.7688	17.6162	21.3688	17.7354	20.5188	17.8527	19.8188	18.0009	19.1688	18.3713	18.5688
1.19429	77.0778	81.8747	20.0076	17.5051	17.4751	23.6688	17.6315	21.3688	17.7505	20.4688	17.8686	19.8188	18.0206	19.2188	-1	-1
1.14717	74.2596	75.4293	20.0098	17.5234	17.4887	23.6688	17.6488	21.2188	17.7723	20.3188	17.8991	19.6688	18.0773	19.1188	-1	-1
1.17547	73.0849	74.1381	20.0062	17.4982	17.4646	23.1688	17.627	21.2188	17.7506	20.2688	17.8745	19.6688	18.0389	19.1188	-1	-1
1.19619	76.3893	80.1826	20.0064	17.5027	17.474	23.6188	17.6284	21.4188	17.746	20.4188	17.8631	19.7688	18.0143	19.1188	-1	-1
1.13217	72.9958	74.8877	20.0068	17.4896	17.4744	23.5188	17.6389	21.2688	17.7675	20.2688	17.9006	19.5688	18.0902	19.0188	-1	-1
1.20429	77.1159	79.1304	20.0032	17.4987	17.4646	23.6688	17.6292	21.3188	17.7535	20.4188	17.8763	19.7688	18.0329	19.2188	18.4614	18.5688
1.17565	77.8498	81.5039	20.0046	17.5045	17.4787	23.7188	17.6391	21.4688	17.7617	20.4688	17.8848	19.8188	18.0477	19.1688	-1	-1
1.11692	71.0485	72.6019	20.0034	17.503	17.4831	23.3188	17.6406	21.1188	17.7646	20.1688	17.8948	19.5188	18.0894	18.9688	-1	-1
1.12816	72.7995	76.5536	20.0058	17.498	17.4769	23.4688	17.641	21.2688	17.7702	20.2688	17.9051	19.6688	18.102	19.0188	-1	-1
1.09974	71.7416	72.6757	20.0036	17.4962	17.4889	23.4688	17.6522	21.2188	17.7801	20.2188	17.9167	19.5188	18.1366	18.9188	-1	-1
1.02611	66.0701	66.5109	20.0041	17.5002	17.4912	23.2188	17.6613	20.9688	17.8007	20.0688	17.9608	19.3688	18.3133	18.6688	-1	-1
1.12693	75.205	77.3152	20.0007	17.4917	17.4748	23.8188	17.6336	21.3688	17.757	20.3688	17.8856	19.6688	18.0748	19.0688	-1	-1
1.18887	77.575	81.1801	20.0041	17.4975	17.4676	23.7188	17.6271	21.4188	17.7483	20.4688	17.8691	19.7688	18.0264	19.1688	-1	-1
1.11597	71.1116	72.7475	20.0022	17.4994	17.4854	23.1688	17.645	21.0688	17.7711	20.2188	17.9041	19.5188	18.1059	19.0188	-1	-1
1.33626	84.8711	87.6332	19.9951	17.4959	17.4395	24.0188	17.5935	21.5188	17.706	20.6188	17.8105	19.9688	17.9274	19.4688	18.1003	18.9688
1.20831	78.5422	81.0565	20.0005	17.493	17.4594	23.9688	17.6179	21.4188	17.7377	20.4688	17.8563	19.8188	18.0077	19.2688	18.426	18.6688
1.32721	85.9376	90.334	19.9995	17.5044	17.4385	23.9688	17.5945	21.6188	17.7096	20.6688	17.8179	20.0188	17.9422	19.4688	18.1396	18.9688
1.30369	83.2735	86.2368	19.9979	17.4911	17.4439	24.0188	17.5977	21.5188	17.7114	20.6188	17.8186	19.8688	17.9421	19.3188	18.1409	18.8688
1.23446	79.215	80.3283	20.0025	17.4951	17.4533	23.7688	17.6128	21.4688	17.7325	20.4188	17.8493	19.7688	17.994	19.2688	18.3139	18.7188
1.10113	71.2034	73.9906	19.9976	17.4861	17.4819	23.4688	17.6433	21.1188	17.7703	20.2188	17.9053	19.5188	18.1162	18.9688	-1	-1
1.10952	72.3971	72.8977	20.0007	17.5078	17.4842	23.2688	17.6486	21.1688	17.7779	20.2688	17.9149	19.5688	18.1272	19.0188	-1	-1
1.23278	79.762	83.8752	20.0009	17.4969	17.459	23.8688	17.616	21.5188	17.734	20.5188	17.8495	19.7688	17.9929	19.2688	18.3141	18.7188
1.19271	76.3614	79.0579	20.0005	17.4907	17.4579	23.4688	17.6209	21.3188	17.7451	20.4188	17.869	19.7188	18.0308	19.1688	-1	-1
1.14548	74.9737	79.1522	20	17.5016	17.4777	23.3188	17.6395	21.3688	17.765	20.3688	17.894	19.6188	18.076	19.0688	-1	-1
1.18051	77.1869	81.8596	20.0012	17.4865	17.4561	23.8688	17.6186	21.4188	17.7426	20.4188	17.867	19.7688	18.0313	19.1188	-1	-1
1.20797	77.7351	80.6187	19.9983	17.4893	17.4536	23.6188	17.6136	21.4188	17.7359	20.4688	17.8576	19.7688	18.0141	19.2188	18.4713	18.5688
1.14288	74.3707	77.0508	19.9955	17.4916	17.4621	23.5688	17.625	21.2688	17.7507	20.3688	17.88	19.6688	18.0633	19.0688	-1	-1
1.25515	81.5855	84.2803	19.996	17.4829	17.4464	24.1188	17.601	21.5688	17.7163	20.5188	17.8275	19.8688	17.962	19.2688	18.2235	18.8188
1.26785	82.4276	83.5135	19.9969	17.4861	17.4446	23.8188	17.5997	21.5688	17.7154	20.5188	17.8266	19.9188	17.9596	19.3688	18.206	18.8688
1.21926	79.0345	81.9377	19.9984	17.5021	17.4627	23.7688	17.6182	21.4688	17.7356	20.4688	17.8507	19.7688	17.995	19.2688	18.3339	18.6188
1.19249	77.26	80.6078	19.9911	17.5024	17.4702	23.6688	17.6306	21.4688	17.7529	20.4688	17.8746	19.7188	18.0313	19.2188	-1	-1
1.05353	68.3506	70.7651	19.9958	17.4897	17.4871	23.1188	17.6569	21.1688	17.794	20.1688	17.9475	19.4688	18.2434	18.7688	-1	-1
1.19946	76.5475	78.2532	19.9932	17.4926	17.4597	23.5688	17.6137	21.3188	17.7313	20.3688	17.8487	19.7188	18.0012	19.1688	-1	-1
1.20478	78.432	82.0959	19.9993	17.491	17.4583	23.7188	17.6148	21.4688	17.7339	20.5188	17.8521	19.7688	18.004	19.1688	18.4432	18.5188
1.13564	73.4039	76.2852	19.9959	17.4893	17.4668	23.7188	17.6303	21.2688	17.7573	20.3188	17.8887	19.6188	18.0777	19.0188	-1	-1
1.15227	72.7523	77.052	19.9923	17.4951	17.4699	23.5688	17.6317	21.2188	17.7571	20.2688	17.8849	19.6188	18.0601	19.0688	-1	-1
1.06043	68.5404	70.8189	19.9942	17.4831	17.4806	23.1188	17.6491	21.0188	17.7847	20.1688	17.9356	19.4688	18.2178	18.8688	-1	-1
1.18859	76.544	79.5709	19.9902	17.5021	17.4683	23.6688	17.6281	21.3188	17.7489	20.4188	17.8687	19.7688	18.0234	19.1688	-1	-1
1.16631	77.235	80.2605	19.9949	17.4923	17.4688	23.7188	17.6307	21.4188	17.7549	20.4688	17.8806	19.7688	18.0499	19.1688	-1	-1
1.18166	77.5532	82.4096	19.9968	17.4847	17.4598	23.6188	17.62	21.5188	17.7426	20.4688	17.8659	19.7188	18.0292	19.1688	-1	-1
1.17319	76.9126	83.3262	20.0291	17.5257	17.4976	23.7	17.6561	21.45	17.777	20.55	17.8984	19.8	18.0596	19.15	-1	-1
1.07762	69.9007	72.8999	19.997	17.5001	17.4915	23.3688	17.6552	21.1188	17.7863	20.1688	17.9286	19.4688	18.1668	18.8688	-1	-1
1.15699	75.5547	78.583	20.0232	17.5174	17.4934	23.75	17.6616	21.4	17.7906	20.4	17.9219	19.75	18.1024	19.15	-1	-1
1.19545	76.4787	78.1474	19.9923	17.489	17.4592	23.4688	17.6172	21.3688	17.7377	20.3688	17.8578	19.7688	18.0134	19.1688	-1	-1
1.14836	73.6591	75.4314	20.025	17.5268	17.5062	23.4	17.6629	21.25	17.7837	20.35	17.908	19.7	18.0846	19.1	-1	-1
1.26735	81.4906	85.562	19.9923	17.4954	17.4529	23.6688	17.6077	21.5188	17.7222	20.5688	17.832	19.8188	17.9631	19.3188	18.2057	18.8688
1.1709	75.7021	76.9332	19.9908	17.4911	17.4642	23.8688	17.6226	21.2188	17.7433	20.3688	17.8649	19.6688	18.0289	19.1188	-1	-1
1.20415	77.7572	80.243	19.993	17.4919	17.4535	23.6188	17.6145	21.3688	17.7372	20.4188	17.8591	19.7188	18.0164	19.2188	18.4927	18.6188
1.23824	80.4289	82.3487	19.9944	17.4972	17.4546	23.7688	17.6116	21.5688	17.7293	20.5188	17.8436	19.8188	17.9842	19.3188	18.2803	18.7688
1.0562	68.5848	71.5163	19.9928	17.4822	17.4806	23.0688	17.6465	21.1688	17.7809	20.2188	17.932	19.4688	18.2281	18.8188	-1	-1
1.17427	76.0365	79.0222	19.9941	17.4856	17.4606	23.4688	17.6157	21.3688	17.7354	20.3688	17.8566	19.7188	18.0201	19.1188	-1	-1
1.16188	74.995	79.9819	19.9958	17.4848	17.4595	23.5688	17.6221	21.2688	17.7468	20.4188	17.8729	19.7188	18.043	19.1188	-1	-1
1.19657	77.097	80.1681	19.9966	17.4784	17.4444	23.7188	17.6054	21.4188	17.7279	20.4188	17.8497	19.7688	18.0068	19.1688	-1	-1
1.17694	75.2356	76.8909	20.0241	17.5251	17.4987	23.7	17.6597	21.3	17.7837	20.4	17.9086	19.7	18.0746	19.15	-1	-1
1.14577	73.2708	74.2154	19.9941	17.4905	17.4684	23.3688	17.6263	21.2188	17.7499	20.2688	17.8779	19.6188	18.0607	19.0688	-1	-1
1.14736	75.3773	77.3077	19.9953	17.4957	17.4713	23.7688	17.6333	21.3688	17.7584	20.3188	17.8867	19.6688	18.067	19.0688	-1	-1
1.18376	76.612	79.4897	19.9976	17.4978	17.4635	23.6688	17.624	21.3688	17.7459	20.3688	17.8682	19.7188	18.0311	19.1188	-1	-1
1.11626	71.535	74.0632	19.9897	17.4918	17.4761	23.3688	17.6392	21.1688	17.7673	20.3188	17.9022	19.5688	18.1066	18.9688	-1	-1
1.29301	82.9416	86.5706	19.9919	17.4914	17.4472	23.8688	17.5991	21.6188	17.7106	20.5688	17.8157	19.8688	17.9373	19.3688	18.1368	18.8188
1.19543	76.8273	77.9132	19.9987	17.4967	17.4651	23.4688	17.6193	21.3688	17.7372	20.3688	17.8548	19.6688	18.0083	19.1688	-1	-1
1.18599	77.2355	80.4161	19.999	17.482	17.4485	23.8188	17.6108	21.3688	17.7342	20.3688	17.8573	19.7188	18.0175	19.1688	-1	-1
1.12641	71.8388	74.8651	19.995	17.4945	17.4714	23.6188	17.6376	21.2188	17.7681	20.2688	17.9054	19.5188	18.112	18.9688	-1	-1
1.31815	84.5138	87.6277	19.9931	17.483	17.4344	23.9688	17.5882	21.6188	17.7008	20.5688	17.8062	19.9188	17.9263	19.4188	18.1136	18.9188
1.09824	69.6543	71.8537	19.9922	17.4883	17.4712	23.2188	17.6386	21.0188	17.7699	20.2188	17.9093	19.5188	18.1268	18.9188	-1	-1
1.32987	87.5957	92.4232	20.0259	17.526	17.472	24.15	17.6258	21.7	17.7385	20.8	17.844	20.1	17.9638	19.55	18.149	19
1.10043	70.9589	74.4476	20.0241	17.5185	17.5025	23.45	17.6733	21.15	17.808	20.35	17.951	19.6	18.1719	19	-1	-1
1.12433	73.8096	75.3746	19.9898	17.5013	17.4761	23.5188	17.6363	21.2188	17.7615	20.3188	17.8924	19.6188	18.0865	19.0188	-1	-1
1.20331	78.4056	80.9234	19.9942	17.4943	17.4563	23.7188	17.6142	21.4188	17.7336	20.4688	17.8517	19.8188	18.0036	19.2188	18.4536	18.5188
1.25307	80.513	83.7946	19.9919	17.5003	17.4552	23.8688	17.6155	21.4688	17.7355	20.5688	17.8512	19.9188	17.9901	19.3188	18.2498	18.7688
1.12831	71.0038	73.1363	20.0256	17.5304	17.5094	23.4	17.6705	21.1	17.7971	20.25	17.9299	19.6	18.1278	19.05	-1	-1
1.21076	77.3336	80.4237	19.9904	17.4897	17.4612	23.5188	17.6175	21.3188	17.7356	20.4688	17.8522	19.7688	18.0006	19.2188	18.3962	18.5688
1.07074	69.0362	72.6789	19.9959	17.486	17.4788	23.2688	17.6496	21.1688	17.7855	20.1688	17.9325	19.3688	18.1764	18.8688	-1	-1
1.1888	76.4171	79.367	20.0274	17.5172	17.489	23.6	17.6507	21.35	17.7742	20.45	17.8978	19.7	18.0596	19.15	-1	-1
1.14622	74.0174	77.7755	19.9936	17.5026	17.4746	23.4688	17.6334	21.2688	17.7574	20.3188	17.8856	19.6188	18.0677	19.0688	-1	-1
1.1615	74.8659	76.6814	20.024	17.5209	17.5	23.5	17.6594	21.3	17.7826	20.3	17.9079	19.65	18.0786	19.1	-1	-1
1.18956	76.8343	79.8319	20.0208	17.5137	17.483	23.7	17.6402	21.4	17.7606	20.45	17.881	19.75	18.0386	19.2	-1	-1
1.14339	73.7467	74.7841	20.025	17.5235	17.4995	23.5	17.6609	21.25	17.7865	20.35	17.9167	19.65	18.1044	19.1	-1	-1
1.20749	77.1149	80.0954	19.9922	17.4932	17.461	23.7188	17.6183	21.3188	17.7374	20.4188	17.8553	19.7688	18.0068	19.2688	18.4506	18.5688
1.25327	81.1263	84.8242	19.9917	17.494	17.4462	24.1188	17.5979	21.6188	17.7115	20.5188	17.8211	19.8188	17.9531	19.2688	18.2039	18.7688
1.09323	70.8781	73.2832	19.9929	17.4898	17.4721	23.2688	17.637	21.2188	17.767	20.2188	17.9066	19.5188	18.1346	18.9688	-1	-1
1.2137	77.5716	79.4176	19.9923	17.4822	17.4513	23.8688	17.6092	21.3688	17.7294	20.4188	17.8486	19.7688	18.0012	19.2188	18.426	18.6188
1.14151	73.291	74.5539	20.0257	17.5234	17.4984	23.25	17.6589	21.25	17.7835	20.25	17.9122	19.65	18.0959	19.05	-1	-1
1.22444	79.9143	82.5458	20.0222	17.5314	17.4901	24.2	17.6441	21.5	17.7607	20.5	17.8751	19.8	18.018	19.25	18.345	18.75
1.22104	79.3161	84.6527	19.9909	17.4938	17.4544	23.8188	17.6158	21.4688	17.7371	20.5188	17.8562	19.8188	18.0064	19.2688	18.3795	18.6188
1.29011	84.5577	87.1955	19.9896	17.4948	17.4492	23.9188	17.6006	21.6188	17.7126	20.6188	17.8189	19.9688	17.9433	19.4188	18.1543	18.8688
1.20749	75.8114	77.9208	20.0199	17.524	17.4868	23.7	17.648	21.3	17.7695	20.35	17.8896	19.75	18.0432	19.15	18.4758	18.55
1.1654	75.1215	77.8584	20.0199	17.5251	17.4982	23.3	17.6589	21.3	17.7827	20.4	17.9083	19.7	18.0786	19.15	-1	-1
1.18705	76.0973	79.0284	19.9851	17.4888	17.461	23.5688	17.6132	21.4188	17.7298	20.4188	17.8462	19.7188	17.9975	19.1688	-1	-1
1.17648	76.0135	77.4726	20.0216	17.5129	17.4848	23.55	17.6448	21.3	17.7673	20.4	17.8907	19.75	18.0551	19.2	-1	-1
1.18531	76.9865	80.0208	20.0204	17.5185	17.4828	23.6	17.6416	21.4	17.7629	20.4	17.8844	19.8	18.0451	19.2	-1	-1
1.09415	69.324	71.0567	20.0171	17.5288	17.5145	23.15	17.6759	21.15	17.803	20.15	17.9387	19.5	18.1544	18.9	-1	-1
1.08783	70.9372	73.8034	20.0168	17.5025	17.4905	23.45	17.6522	21.25	17.78	20.2	17.9177	19.5	18.1456	18.9	-1	-1
1.14242	73.0827	75.9138	20.0195	17.5168	17.4975	23.5	17.6561	21.3	17.7783	20.3	17.9042	19.65	18.0832	19.05	-1	-1
1.16287	75.631	79.1377	20.0184	17.5266	17.5013	23.55	17.6563	21.3	17.7764	20.4	17.8989	19.7	18.0677	19.1	-1	-1
1.23955	77.7097	80.7565	20.0174	17.5205	17.4815	23.55	17.6397	21.45	17.7592	20.45	17.8757	19.75	18.0192	19.25	18.3222	18.75
1.14373	75.8821	80.8142	20.0213	17.5185	17.4951	23.75	17.6533	21.45	17.7765	20.4	17.9038	19.6	18.0851	19.15	-1	-1
1.16326	76.1122	78.1918	20.0208	17.5053	17.4857	23.85	17.6477	21.25	17.772	20.45	17.898	19.75	18.0685	19.15	-1	-1
1.25894	81.8791	84.7606	20.0199	17.5023	17.4625	23.95	17.6165	21.6	17.7321	20.55	17.8436	19.85	17.9772	19.35	18.2268	18.85
1.17051	75.5069	77.9866	20.0153	17.5219	17.4924	23.65	17.6475	21.3	17.7664	20.4	17.8868	19.75	18.0495	19.15	-1	-1
1.18889	76.3735	80.3978	20.0173	17.51	17.4835	23.8	17.645	21.45	17.7671	20.4	17.8886	19.7	18.0466	19.15	-1	-1
1.32605	85.3382	87.051	20.0192	17.5145	17.4665	24.2	17.6142	21.55	17.7237	20.65	17.8269	19.95	17.9449	19.4	18.1296	19
1.10478	71.2397	73.8866	20.0214	17.5202	17.5004	23.35	17.6636	21.15	17.792	20.25	17.9288	19.6	18.1437	19	-1	-1
1.12661	70.7259	74.4073	20.0156	17.5193	17.4972	23.3	17.6593	21.15	17.7853	20.3	17.915	19.55	18.0987	19.05	-1	-1
1.22024	80.3612	85.0793	20.0174	17.5086	17.4705	23.75	17.6285	21.55	17.7481	20.6	17.8659	19.85	18.0141	19.35	18.3744	18.65
1.24268	78.8568	82.6015	20.0167	17.5088	17.4693	23.7	17.6277	21.45	17.7467	20.5	17.8622	19.8	18.0032	19.25	18.2885	18.75
1.16465	73.4402	77.1235	20.019	17.5302	17.4971	23.7	17.6558	21.25	17.7773	20.4	17.9008	19.7	18.0713	19.1	-1	-1
1.19481	78.4446	79.7416	20.0155	17.5209	17.4851	23.85	17.645	21.5	17.7663	20.45	17.8869	19.8	18.0429	19.2	-1	-1
1.14873	73.8369	76.1954	20.0169	17.5148	17.4908	23.55	17.6493	21.3	17.7726	20.35	17.8998	19.6	18.0798	19.1	-1	-1
1.13816	74.4103	78.0055	20.0159	17.5116	17.4868	23.55	17.6526	21.4	17.7814	20.4	17.9134	19.65	18.0975	19.05	-1	-1
1.21213	77.9519	80.1705	20.0165	17.5194	17.4845	23.8	17.644	21.45	17.7647	20.5	17.8837	19.8	18.0349	19.2	18.4282	18.7
1.20099	77.0234	81.1768	20.0148	17.5087	17.4746	23.65	17.6361	21.35	17.7594	20.45	17.8819	19.75	18.0395	19.15	-1	-1
1.11915	73.0182	77.9232	20.0156	17.5068	17.49	23.65	17.6581	21.4	17.7887	20.35	17.924	19.6	18.1185	19.05	-1	-1
1.26368	80.912	81.7395	20.0167	17.5135	17.4661	23.8	17.6241	21.5	17.7419	20.55	17.8557	19.85	17.9935	19.35	18.2647	18.8
1.21346	77.1631	78.3995	20.0188	17.5232	17.4845	23.7	17.6411	21.4	17.7601	20.4	17.8784	19.8	18.0309	19.2	18.4973	18.6
1.16106	75.3358	77.3543	20.0188	17.5062	17.4897	23.7	17.6471	21.3	17.7699	20.4	17.8952	19.65	18.0669	19.05	-1	-1
1.1516	76.4757	81.0269	19.9872	17.4887	17.4619	23.8188	17.6178	21.4188	17.7382	20.4688	17.8616	19.6688	18.0349	19.1188	-1	-1
1.12947	72.8378	75.529	20.0199	17.5223	17.498	23.35	17.6605	21.2	17.7863	20.35	17.917	19.6	18.1084	19	-1	-1
1.08947	70.485	73.7769	20.0184	17.5159	17.5034	23.35	17.6675	21.15	17.7975	20.25	17.9378	19.5	18.1687	18.95	-1	-1
1.21781	77.9685	80.3197	19.9894	17.4843	17.4467	23.7688	17.6068	21.3688	17.7281	20.4688	17.8478	19.7688	17.9998	19.2688	18.3947	18.5188
1.12435	71.6938	75.4365	20.0219	17.5192	17.5008	23.5	17.6617	21.25	17.7874	20.25	17.9186	19.5	18.1119	19	-1	-1
1.14224	73.2968	75.1093	20.0193	17.511	17.4936	23.35	17.654	21.25	17.7775	20.3	17.9046	19.6	18.0854	19.05	-1	-1
1.11093	72.1508	75.8368	20.0201	17.5122	17.4948	23.55	17.6563	21.25	17.7831	20.3	17.9164	19.55	18.1169	19	-1	-1
1.24295	80.2044	82.4154	20.0169	17.5249	17.4838	23.9	17.6388	21.55	17.7553	20.5	17.8684	19.85	18.0072	19.3	18.2954	18.7
1.13188	73.4566	74.9853	19.9892	17.4892	17.4694	23.5188	17.6257	21.1688	17.7465	20.2688	17.8723	19.5688	18.0577	19.0188	-1	-1
1.14672	74.6269	76.4559	20.0218	17.5172	17.4927	23.3	17.6518	21.4	17.7741	20.35	17.8993	19.65	18.0751	19.1	-1	-1
1.03738	66.8952	72.1984	20.0224	17.5221	17.5164	23.4	17.6844	21.15	17.8217	20.15	17.979	19.35	18.322	18.65	-1	-1
1.09432	70.3718	72.1268	19.9865	17.4843	17.4725	23.6188	17.636	21.1188	17.7658	20.1688	17.9049	19.5188	18.1273	18.9188	-1	-1
1.09505	69.917	71.3954	19.9901	17.4808	17.4729	23.5188	17.6392	21.0688	17.7704	20.1188	17.9096	19.4688	18.1258	18.8688	-1	-1
1.12468	72.4936	75.591	20.0207	17.518	17.5015	23.6	17.6629	21.2	17.7896	20.3	17.9222	19.6	18.1181	19	-1	-1
1.18137	75.5712	76.6657	20.0242	17.5214	17.4932	23.65	17.6491	21.3	17.77	20.4	17.8925	19.7	18.0575	19.15	-1	-1
1.10504	69.646	71.6741	20.0212	17.5081	17.4967	23.3	17.6601	21.05	17.7882	20.15	17.924	19.5	18.1361	19	-1	-1
1.084	69.2422	72.0015	20.0217	17.521	17.5129	23.2	17.6809	21.15	17.8142	20.2	17.9575	19.5	18.1905	18.9	-1	-1
1.12851	73.9692	82.3853	19.9898	17.4888	17.462	23.2688	17.6294	21.4188	17.7581	20.3688	17.8894	19.6188	18.0705	18.9688	-1	-1
1.11302	72.5357	76.8108	20.0222	17.5177	17.4987	23.45	17.6666	21.35	17.7983	20.35	17.9363	19.65	18.1422	18.95	-1	-1
1.18214	74.455	76.9628	19.9906	17.4947	17.4594	23.6188	17.6193	21.2688	17.7417	20.2688	17.8646	19.6688	18.028	19.0688	-1	-1
1.16105	74.931	77.1197	19.9925	17.4842	17.4593	23.7188	17.6185	21.2688	17.7413	20.3188	17.8663	19.6188	18.0377	19.0688	-1	-1
1.11358	72.3633	75.6282	19.9906	17.4997	17.4758	23.2188	17.639	21.2688	17.7671	20.2688	17.9023	19.6188	18.1081	18.9688	-1	-1
1.10928	70.1316	72.2098	19.9922	17.4985	17.4871	23.3688	17.647	21.1688	17.7735	20.2188	17.9073	19.5188	18.112	18.9688	-1	-1
1.0854	69.7631	71.0657	19.9923	17.4849	17.4745	23.0688	17.6393	21.0688	17.7695	20.1688	17.9108	19.5188	18.1501	18.8688	-1	-1
1.06911	68.1496	70.2132	19.9947	17.467	17.4674	23.1688	17.6363	21.0688	17.7712	20.0688	17.9187	19.4188	18.1757	18.8688	-1	-1
1.15193	74.4363	76.9132	20.0255	17.5148	17.4955	23.6	17.6586	21.4	17.7843	20.4	17.9125	19.65	18.0901	19.1	-1	-1
1.21139	78.2128	80.7242	20.0228	17.5225	17.4835	23.75	17.6436	21.5	17.7645	20.45	17.8835	19.85	18.0341	19.25	18.4163	18.55
1.14782	75.9904	79.1259	19.9943	17.5008	17.4687	23.5188	17.6238	21.3688	17.7442	20.3688	17.8683	19.6688	18.0447	19.1188	-1	-1
1.17572	76.6762	78.0285	20.0274	17.5204	17.495	23.7	17.654	21.4	17.7764	20.45	17.9003	19.75	18.0672	19.2	-1	-1
1.11842	74.2909	79.1535	19.9957	17.4948	17.4763	23.5688	17.6386	21.3188	17.766	20.3688	17.9003	19.6188	18.1033	18.9688	-1	-1
1.11113	71.4447	74.4267	19.9945	17.4982	17.4782	23.5188	17.6456	21.2688	17.7761	20.2188	17.9113	19.5688	18.1054	18.9688	-1	-1
1.19139	79.3879	83.3447	19.9917	17.4839	17.4603	23.6688	17.6165	21.4188	17.7363	20.5188	17.8562	19.8188	18.0129	19.2188	-1	-1
1.08693	70.685	72.3431	19.9928	17.4995	17.4915	23.4188	17.6476	21.1688	17.7711	20.1688	17.9036	19.5188	18.1176	18.9688	-1	-1
1.14469	75.0285	76.1149	19.9957	17.4863	17.4662	23.7188	17.6312	21.3688	17.7585	20.3688	17.889	19.6688	18.0728	19.0688	-1	-1
1.12422	74.0797	76.2941	19.9912	17.4922	17.4701	23.8188	17.6293	21.3188	17.754	20.3188	17.8849	19.6188	18.0808	19.0188	-1	-1
1.11989	72.5317	75.151	19.99	17.4912	17.4691	23.4688	17.6306	21.2188	17.7566	20.3188	17.8885	19.6188	18.0861	19.0188	-1	-1
1.21556	77.0781	79.0709	19.9961	17.4943	17.4618	23.6188	17.6149	21.2688	17.7317	20.3688	17.8478	19.7188	17.9974	19.1688	18.4414	18.6688
1.2429	78.5243	80.7277	19.9953	17.4983	17.4569	23.6188	17.613	21.3688	17.7305	20.4688	17.8452	19.7688	17.9873	19.2188	18.3	18.6188
1.09709	71.419	74.7613	19.9974	17.4922	17.4746	23.5688	17.6379	21.2188	17.7671	20.2688	17.9048	19.5688	18.1207	18.9688	-1	-1
1.12256	70.3076	73.3706	19.9967	17.4952	17.4716	23.4188	17.6313	21.1188	17.7563	20.1688	17.8873	19.4688	18.0828	18.9188	-1	-1
1.24984	82.7762	84.6169	19.9954	17.4889	17.4464	23.8688	17.605	21.5188	17.7235	20.5688	17.8379	19.9188	17.9763	19.3688	18.2462	18.8188
1.09249	70.8266	72.1125	19.998	17.48	17.4723	23.4188	17.6377	21.1188	17.7693	20.1688	17.911	19.5688	18.1412	18.9688	-1	-1
1.08602	70.2466	73.9744	19.9925	17.5004	17.4837	23.1188	17.652	21.2188	17.7853	20.2688	17.9275	19.4688	18.152	18.9188	-1	-1
1.15708	74.0166	76.5522	19.989	17.4996	17.4736	23.5688	17.6334	21.3188	17.7563	20.3688	17.8808	19.6688	18.0492	19.0688	-1	-1
1.15251	74.8172	77.7191	19.9972	17.4937	17.4712	23.7188	17.6328	21.2688	17.7574	20.4188	17.8852	19.6188	18.0652	19.0688	-1	-1
1.2157	78.5658	82.5621	19.998	17.4789	17.4525	23.7188	17.6151	21.4188	17.7385	20.4188	17.8599	19.7688	18.0122	19.2188	18.371	18.6188
1.17733	76.3235	79.7184	19.9991	17.4876	17.4513	23.7688	17.6171	21.4188	17.7443	20.3688	17.872	19.6688	18.0406	19.0688	-1	-1
1.12531	73.3754	78.3788	19.9993	17.4876	17.4695	23.4688	17.634	21.3188	17.7613	20.3188	17.8933	19.6188	18.0848	18.9688	-1	-1
1.20563	78.3467	81.5554	19.9946	17.4883	17.4579	23.8688	17.6156	21.4188	17.7347	20.4188	17.8521	19.8188	18.0016	19.2188	18.4027	18.5688
1.12476	71.6573	73.666	19.9994	17.4935	17.4758	23.2688	17.6401	21.2188	17.7689	20.2688	17.9035	19.5688	18.1017	18.9688	-1	-1
1.1577	74.2486	75.3649	20	17.4793	17.454	23.8188	17.6155	21.2188	17.7402	20.2688	17.8674	19.5688	18.043	19.0188	-1	-1
1.15745	73.0979	76.5598	19.9997	17.4931	17.4717	23.4188	17.6318	21.3688	17.755	20.3188	17.8798	19.6688	18.0493	19.1188	-1	-1
1.14891	74.7406	76.8227	19.9986	17.4871	17.463	23.6188	17.6243	21.2188	17.75	20.3188	17.8794	19.6688	18.0612	19.0688	-1	-1
1.2139	78.6187	83.7203	20.0003	17.494	17.4623	23.7688	17.62	21.4188	17.7388	20.5188	17.8553	19.8188	18.0008	19.2688	18.3374	18.7188
1.22736	80.0542	83.6358	20.0025	17.5021	17.4634	23.9688	17.6193	21.4688	17.7363	20.5188	17.8509	19.8188	17.9947	19.2688	18.3368	18.7188
1.22582	79.4572	82.1845	19.9997	17.4902	17.4546	23.8188	17.6156	21.4688	17.7362	20.4688	17.8538	19.8188	18	19.2688	18.3295	18.7688
1.06962	67.1856	69.5637	19.9983	17.4915	17.4829	23.1688	17.6524	21.0188	17.7875	20.1188	17.9348	19.4188	18.1881	18.8188	-1	-1
1.16364	75.4426	80.6549	20.0034	17.5016	17.4785	23.6188	17.6368	21.3688	17.7585	20.4688	17.8822	19.6688	18.0516	19.0688	-1	-1
1.18306	77.7484	80.6199	20.0001	17.5039	17.4698	23.6188	17.6348	21.3688	17.7603	20.4688	17.8863	19.7688	18.0535	19.2688	-1	-1
1.23458	80.0936	82.6417	19.9976	17.4989	17.4597	23.6688	17.6145	21.5188	17.7312	20.5188	17.8454	19.8188	17.9872	19.2688	18.303	18.7688
1.07868	68.7232	70.2997	20.0017	17.491	17.4841	23.3188	17.6515	21.0688	17.7843	20.1688	17.9289	19.4688	18.1763	18.8688	-1	-1
1.11889	71.5233	73.9407	20.0046	17.5026	17.4878	23.2188	17.6516	21.1188	17.7791	20.3188	17.9123	19.5688	18.1112	18.9688	-1	-1
1.14432	73.807	78.0384	20.0024	17.4942	17.4725	23.4188	17.6347	21.3188	17.7599	20.3188	17.888	19.5688	18.066	19.0188	-1	-1
1.0824	69.8261	72.6947	20.0024	17.4952	17.483	23.2188	17.6535	21.1188	17.7882	20.1688	17.9342	19.5188	18.1805	18.8688	-1	-1
1.1759	76.7874	79.2998	20.0046	17.497	17.4683	23.5188	17.6283	21.3188	17.7511	20.4188	17.8754	19.7688	18.0429	19.1688	-1	-1
1.15591	75.0552	75.8963	20.0052	17.4941	17.4735	23.7188	17.635	21.3188	17.7593	20.3188	17.8862	19.6688	18.0625	19.1188	-1	-1
1.14768	75.3536	76.7625	20.0029	17.5024	17.4726	23.5688	17.6337	21.2688	17.7582	20.3688	17.8866	19.7688	18.0694	19.1188	-1	-1
1.13852	74.5301	76.5205	20.0021	17.5006	17.4847	23.4688	17.6466	21.3688	17.7732	20.3688	17.9049	19.6688	18.0961	19.1188	-1	-1
1.11966	71.396	72.552	20.0041	17.5011	17.4853	23.2688	17.6477	21.2188	17.7745	20.2688	17.9078	19.5188	18.109	18.9688	-1	-1
1.33837	86.918	90.2031	20.0076	17.4882	17.4372	24.1688	17.5911	21.6688	17.7038	20.6688	17.8091	20.0688	17.9288	19.4688	18.1133	18.9688
0.979115	64.5304	66.4385	20.0028	17.496	17.5105	23.0188	17.6867	20.8688	17.835	20.0188	18.0187	19.3188	-1	-1	-1	-1
1.00602	64.3932	66.7337	20.005	17.498	17.5043	22.9188	17.6778	20.9188	17.8212	19.9188	17.9898	19.2688	18.4378	18.6188	-1	-1
1.12422	71.8708	74.7355	20.005	17.5115	17.4855	23.4188	17.6456	21.1188	17.7703	20.2688	17.9005	19.5688	18.0923	19.0188	-1	-1
1.12483	70.343	73.81	20.0037	17.4981	17.4817	23.0688	17.6464	21.1688	17.7756	20.2688	17.911	19.5688	18.1126	19.0188	-1	-1
1.14983	74.175	77.0991	20.0056	17.5057	17.4773	23.5688	17.634	21.2688	17.7554	20.3188	17.8802	19.6188	18.0554	19.1188	-1	-1
1.13148	72.8497	74.3607	20.0052	17.5004	17.476	23.2188	17.6398	21.2688	17.7665	20.3188	17.8968	19.6188	18.08	19.0688	-1	-1
1.152	74.7689	78.4394	20.0065	17.5007	17.4771	23.3688	17.6326	21.3688	17.7526	20.3688	17.8753	19.7188	18.0454	19.0688	-1	-1
1.19245	76.0554	77.6583	20.0061	17.5039	17.4746	23.4688	17.6301	21.3188	17.7489	20.3688	17.868	19.7188	18.0246	19.1688	-1	-1
1.2578	80.3276	84.8074	20.0018	17.5126	17.4624	23.7688	17.618	21.4188	17.7347	20.5188	17.8475	19.8688	17.9842	19.2688	18.2521	18.7688
1.1375	71.8984	76.0978	20.0059	17.4979	17.4799	23.4188	17.6441	21.1688	17.7721	20.2688	17.9042	19.5188	18.0913	18.9688	-1	-1
1.14801	74.1938	76.787	20.0059	17.5005	17.4767	23.1188	17.638	21.3188	17.763	20.3188	17.8916	19.6688	18.0727	19.0688	-1	-1
1.21255	78.0298	79.1961	20.0043	17.4978	17.4667	23.6688	17.6215	21.3688	17.7389	20.4188	17.8549	19.7688	18.0026	19.2188	18.3952	18.6188
1.17871	76.1854	77.8694	20.0051	17.4953	17.4642	23.7688	17.6305	21.3688	17.7577	20.3688	17.8856	19.7188	18.0549	19.1188	-1	-1
1.12456	71.6148	75.2779	20.0026	17.4948	17.4773	23.2688	17.6461	21.1688	17.7779	20.2188	17.9149	19.5688	18.1145	18.9688	-1	-1
1.10021	72.3616	75.3181	20.0059	17.5063	17.4905	23.3188	17.6522	21.1188	17.78	20.2688	17.9161	19.5688	18.1293	18.9688	-1	-1
0.993666	64.9412	66.9471	20.0055	17.5012	17.5083	23.0688	17.6789	20.9688	17.8193	20.0188	17.9865	19.2688	-1	-1	-1	-1
1.14349	74.2957	74.8915	20.0018	17.5079	17.4799	23.5688	17.6451	21.2688	17.7733	20.3188	17.9063	19.6688	18.0991	19.1188	-1	-1
1.17623	73.317	78.3229	20.0073	17.5082	17.4813	23.5688	17.6414	21.4188	17.7635	20.3188	17.886	19.6688	18.0474	19.0688	-1	-1
1.17167	76.5616	79.268	20.0045	17.5016	17.4775	23.4188	17.6341	21.4688	17.7546	20.3688	17.877	19.7188	18.0436	19.1688	-1	-1
1.22117	79.3739	83.7855	20.0068	17.5052	17.467	23.9188	17.6253	21.4688	17.7448	20.5188	17.862	19.8188	18.0086	19.1688	18.3492	18.6688
1.15945	73.9096	75.2475	20.0037	17.4964	17.4714	23.3188	17.6348	21.2688	17.7603	20.3188	17.8872	19.6688	18.0577	19.1188	-1	-1
1.22766	78.4218	80.3705	20.0035	17.5027	17.4667	23.6188	17.6213	21.4188	17.7377	20.3688	17.8516	19.7688	17.9937	19.2688	18.3196	18.6688
1.23409	80.3235	84.2087	20.0025	17.4968	17.4615	23.7188	17.6191	21.5188	17.7372	20.5188	17.8521	19.9188	17.9933	19.2688	18.2904	18.7688
1.19685	75.9299	78.5161	20.0035	17.4895	17.4598	24.0188	17.6225	21.2688	17.7466	20.3688	17.8699	19.7188	18.0281	19.1688	-1	-1
1.22406	80.6696	83.8548	20.0028	17.5006	17.4608	23.8188	17.617	21.5188	17.7347	20.5188	17.8498	19.8688	17.9927	19.2688	18.311	18.6688
1.2033	76.3007	78.4253	20.0041	17.4965	17.472	23.8188	17.6288	21.3688	17.7475	20.3688	17.8654	19.6688	18.0177	19.1188	-1	-1
1.24575	80.78	83.5949	20.0056	17.4985	17.459	23.7688	17.6173	21.5188	17.7364	20.4688	17.8519	19.8188	17.9924	19.2688	18.2718	18.7688
1.15757	75.5088	77.2782	20.0013	17.4918	17.4653	23.6188	17.6301	21.3688	17.7562	20.3688	17.8842	19.7188	18.0594	19.1188	-1	-1
0.942048	62.1394	64.0986	20.004	17.4798	17.514	23.0188	17.6885	20.8688	17.8388	19.8688	18.034	19.1188	-1	-1	-1	-1
1.1951	75.942	78.3053	19.9955	17.4877	17.4576	23.6188	17.6179	21.2688	17.7397	20.3688	17.8607	19.6688	18.0175	19.1688	-1	-1
1.16276	75.3071	77.5492	20.0024	17.5041	17.4833	23.5688	17.6467	21.3188	17.7721	20.4188	17.8989	19.7188	18.0696	19.1188	-1	-1
1.18775	78.0583	82.033	20.0021	17.5036	17.4704	23.8688	17.6312	21.5188	17.7541	20.5188	17.8766	19.7688	18.0353	19.2188	-1	-1
1.16478	75.4102	77.1329	20.0017	17.495	17.4722	23.6188	17.6283	21.3188	17.7494	20.3188	17.8727	19.6688	18.0409	19.1188	-1	-1
1.05164	66.838	68.895	19.9977	17.5032	17.4978	22.9688	17.6661	21.0688	17.8027	20.1188	17.9556	19.4188	18.2461	18.8188	-1	-1
1.14675	73.876	77.3664	20.0017	17.5011	17.4801	23.4688	17.6375	21.2188	17.7601	20.3188	17.8863	19.6688	18.0645	19.0188	-1	-1
1.19184	76.5179	77.8212	19.9992	17.4922	17.4665	23.9188	17.6266	21.3188	17.7492	20.3688	17.8715	19.7188	18.0295	19.1688	-1	-1
1.19522	76.9286	79.5821	20.003	17.4942	17.4621	23.6688	17.6238	21.4188	17.7471	20.4188	17.8703	19.7188	18.0319	19.1188	-1	-1
1.21127	77.6177	81.6317	20.0004	17.507	17.4731	23.4188	17.6321	21.4188	17.7522	20.4688	17.8702	19.7688	18.0186	19.2688	18.3772	18.6188
1.24277	80.7675	82.9862	20.0003	17.4896	17.4486	24.0188	17.6036	21.4688	17.7209	20.4688	17.8357	19.8688	17.9784	19.2688	18.2957	18.7688
1.22862	79.0703	81.9149	20.003	17.5039	17.4607	23.7188	17.6173	21.5688	17.7355	20.4688	17.8515	19.7688	17.9969	19.2188	18.3389	18.6688
1.1967	76.4777	79.8614	20.0005	17.4955	17.4655	23.6188	17.6258	21.4688	17.7471	20.4188	17.8663	19.6688	18.0154	19.1688	-1	-1
1.06745	68.8173	71.0989	20	17.5006	17.4922	23.3188	17.6563	21.1188	17.7876	20.2188	17.9317	19.4688	18.1872	18.8188	-1	-1
1.17292	74.755	77.0212	19.9987	17.4865	17.467	23.2688	17.6294	21.2688	17.754	20.2688	17.8795	19.6688	18.0462	19.1188	-1	-1
1.14537	72.8352	75.383	20.001	17.5047	17.4763	23.5688	17.6358	21.1688	17.7591	20.2688	17.8856	19.5688	18.0639	18.9688	-1	-1
1.23858	79.28	82.7309	20.0015	17.4904	17.4472	23.7188	17.6078	21.4188	17.7274	20.4688	17.843	19.8188	17.9832	19.2188	18.2618	18.7188
1.18537	77.4405	79.3641	20.0016	17.4961	17.4665	23.5688	17.6271	21.4188	17.7496	20.4688	17.8717	19.7688	18.0308	19.2188	-1	-1
1.14707	75.1914	78.7147	20.0038	17.4816	17.4611	23.8188	17.6244	21.3688	17.7505	20.4188	17.8794	19.7188	18.0588	19.1188	-1	-1
1.13744	74.1778	75.3059	20.0029	17.4883	17.4731	23.7188	17.6345	21.2188	17.7595	20.3188	17.888	19.6688	18.0692	19.0688	-1	-1
1.1414	74.6846	77.6631	20.0066	17.5038	17.4835	23.5688	17.6445	21.3188	17.77	20.4188	17.8994	19.6688	18.083	19.0688	-1	-1
1.16566	75.569	76.1276	20.0015	17.4929	17.4666	23.6688	17.6285	21.3188	17.7523	20.3188	17.8774	19.7188	18.0465	19.1188	-1	-1
1.21407	79.0784	80.3143	19.9977	17.4993	17.4669	23.8688	17.6233	21.4188	17.7413	20.4688	17.8574	19.8188	18.0037	19.2188	18.3626	18.6188
1.19333	77.0348	78.303	20.0033	17.5117	17.4691	23.7188	17.6256	21.3688	17.7449	20.4188	17.8641	19.7688	18.0201	19.2188	-1	-1
1.13032	73.9296	74.912	20.0049	17.5047	17.4842	23.4188	17.6479	21.2688	17.7748	20.3188	17.9067	19.6688	18.1001	19.0688	-1	-1
1.20801	78.6002	80.2412	20.0024	17.5003	17.4747	23.8188	17.6329	21.5188	17.7531	20.4688	17.8721	19.7688	18.0234	19.2188	18.4225	18.6188
1.18066	76.4398	80.4128	20.003	17.5011	17.4765	23.4188	17.6357	21.3688	17.7582	20.4688	17.8818	19.7688	18.047	19.1188	-1	-1
1.08481	68.6351	69.7902	20.0043	17.5135	17.4951	23.0688	17.6566	20.9688	17.7857	20.1688	17.9265	19.5188	18.166	18.8688	-1	-1
1.17042	76.6401	77.9756	20.005	17.4977	17.4724	23.7188	17.632	21.4188	17.7546	20.3688	17.8792	19.7188	18.0499	19.1688	-1	-1
1.0243	66.336	69.3239	20.003	17.4944	17.4943	23.1188	17.6684	21.0688	17.8093	20.0688	17.97	19.3688	18.3159	18.6688	-1	-1
1.10701	71.5879	76.1039	20.0068	17.4955	17.4826	23.2188	17.6424	21.1188	17.7678	20.2188	17.8994	19.5188	18.0956	18.9688	-1	-1
1.17823	76.5158	79.3642	20.0065	17.4969	17.4707	23.5688	17.6364	21.3688	17.7617	20.4688	17.8867	19.7688	18.0507	19.1688	-1	-1
1.30362	84.1054	88.2615	20.0049	17.5116	17.4582	24.2688	17.6137	21.6688	17.7283	20.6688	17.8366	19.9688	17.9616	19.4188	18.1657	18.8688
1.00248	64.7721	67.1453	20.0051	17.4958	17.5084	23.1688	17.6812	20.9688	17.8239	20.0688	17.9922	19.3188	18.46	18.5188	-1	-1
1.05738	66.4643	72.8796	20.005	17.513	17.5049	23.2188	17.6726	21.2188	17.8072	20.2188	17.956	19.4188	18.2252	18.8688	-1	-1
1.11884	71.8067	73.0283	20.0038	17.4984	17.4806	23.2688	17.6471	21.1688	17.7779	20.2688	17.9154	19.5688	18.1229	19.0188	-1	-1
1.11576	72.7725	74.6356	20.0063	17.5047	17.4882	23.4688	17.6524	21.2688	17.7811	20.2688	17.9169	19.5688	18.1245	19.0188	-1	-1
1.23313	79.7248	82.1968	20.0067	17.5113	17.4726	23.9188	17.6305	21.4688	17.7487	20.5188	17.863	19.7688	18.0014	19.2688	18.2717	18.7688
